265242453594230005   40000000001100           130000        9   4     600000000000001500000000000000000000000000000000000000000000000000000000000000
265242453594230014   40000000001100           130000        9   4     600000000000001500000000000000000000000000000000000000000000000000000000000000
265242453594230014   40000000001100           130000        9   4     600000000000001500000000000000000000000000000000000000000000000000000000000000
265242453594230017   40000000001100           130000        9   4     600000000000001500000000000000000000000000000000000000000000000000000000000000
265242453594230017   40000000001100           130000        9   4     600000000000001500000000000000000000000000000000000000000000000000000000000000
265242453594230017   40000000001100           130000        9   4     600000000000001500000000000000000000000000000000000000000000000000000000000000
265242453594230017   40000000001100           130000        9   4     600000000000001500000000000000000000000000000000000000000000000000000000000000
265242453594230138   40000000001100           130000        9   4     600000000000001500000000000000000000000000000000000000000000000000000000000000
265242453594230142   40000000001100           130000        9   4     600000000000001500000000000000000000000000000000000000000000000000000000000000
265242453594230142   40000000001100           130000        9   4     600000000000001500000000000000000000000000000000000000000000000000000000000000
265242453594230142   40000000001100           130000        9   4     600000000000001500000000000000000000000000000000000000000000000000000000000000
265242453594230142   40000000001100           130000        9   4     600000000000001500000000000000000000000000000000000000000000000000000000000000
265242453594230142   40000000001100           130000        9   4     600000000000001500000000000000000000000000000000000000000000000000000000000000
265242453594230142   40000000001100           130000        9   4     600000000000001500000000000000000000000000000000000000000000000000000000000000
265242453594230142   40000000001100           130000        9   4     600000000000001500000000000000000000000000000000000000000000000000000000000000
265242453594230142   40000000001100           130000        9   4     600000000000001500000000000000000000000000000000000000000000000000000000000000
265242453594230142   40000000001100           130000        9   4     600000000000001500000000000000000000000000000000000000000000000000000000000000
265242453594230142   40000000001100           130000        9   4     600000000000001500000000000000000000000000000000000000000000000000000000000000
265242453594230142   40000000001100           130000        9   4     600000000000001500000000000000000000000000000000000000000000000000000000000000
265242453594230142   40000000001100           130000        9   4     600000000000001500000000000000000000000000000000000000000000000000000000000000
265242453594230142   40000000001100           130000        9   4     600000000000001500000000000000000000000000000000000000000000000000000000000000
265242453594230142   40000000001100           130000        9   4     600000000000001500000000000000000000000000000000000000000000000000000000000000
265242453594230142   40000000001100           130000        9   4     600000000000001500000000000000000000000000000000000000000000000000000000000000
265242453594230142   40000000001100           130000        9   4     600000000000001500000000000000000000000000000000000000000000000000000000000000
265242453594230142   40000000001100           130000        9   4     600000000000001500000000000000000000000000000000000000000000000000000000000000
265242453594230152   40000000001100           130000        9   4     600000000000001500000000000000000000000000000000000000000000000000000000000000
265242453594230152   40000000001100           130000        9   4     600000000000001500000000000000000000000000000000000000000000000000000000000000
265242453594230152   40000000001100           130000        9   4     600000000000001500000000000000000000000000000000000000000000000000000000000000
265242453594230152   40000000001100           130000        9   4     600000000000001500000000000000000000000000000000000000000000000000000000000000
265242453594230152   40000000001100           130000        9   4     600000000000001500000000000000000000000000000000000000000000000000000000000000
265242453594230152   40000000001100           130000        9   4     600000000000001500000000000000000000000000000000000000000000000000000000000000
265242453594230152   40000000001100           130000        9   4     600000000000001500000000000000000000000000000000000000000000000000000000000000
265242453594230152   40000000001100           130000        9   4     600000000000001500000000000000000000000000000000000000000000000000000000000000
265242453594230163   40000000001100           130000        9   4     600000000000001500000000000000000000000000000000000000000000000000000000000000
265242453594230199   40000000001100           130000        9   4     600000000000001500000000000000000000000000000000000000000000000000000000000000
265242453594230199   40000000001100           130000        9   4     600000000000001500000000000000000000000000000000000000000000000000000000000000
265242453594230199   40000000001100           130000        9   4     600000000000001500000000000000000000000000000000000000000000000000000000000000
265242453594230199   40000000001100           130000        9   4     600000000000001500000000000000000000000000000000000000000000000000000000000000
265242453594230308   40000000001100           130000        9   4     600000000000001500000000000000000000000000000000000000000000000000000000000000
265242453594230308   40000000001100           130000        9   4     600000000000001500000000000000000000000000000000000000000000000000000000000000
265242453594230308   40000000001100           130000        9   4     600000000000001500000000000000000000000000000000000000000000000000000000000000
265242453594230361   40000000001100           130000        9   4     600000000000001500000000000000000000000000000000000000000000000000000000000000
265242453594230361   40000000001100           130000        9   4     600000000000001500000000000000000000000000000000000000000000000000000000000000
265242453594230368   40000000001100           130000        9   4     600000000000001500000000000000000000000000000000000000000000000000000000000000
265242453594230389   40000000001100           130000        9   4     600000000000001500000000000000000000000000000000000000000000000000000000000000
265242453594230573   40000000001100           130000        9   4     600000000000001500000000000000000000000000000000000000000000000000000000000000
265242453594230593   40000000001100           130000        9   4     600000000000001500000000000000000000000000000000000000000000000000000000000000
265242453594230595   40000000001100           130000        9   4     600000000000001500000000000000000000000000000000000000000000000000000000000000
265242453594230648   40000000001100           130000        9   4     600000000000001500000000000000000000000000000000000000000000000000000000000000
265242453594230648   40000000001100           130000        9   4     600000000000001500000000000000000000000000000000000000000000000000000000000000
265242453594230648   40000000001100           130000        9   4     600000000000001500000000000000000000000000000000000000000000000000000000000000
265242453594230733   40000000001100           130000        9   4     600000000000001500000000000000000000000000000000000000000000000000000000000000
265242453594230749   40000000001100           130000        9   4     600000000000001500000000000000000000000000000000000000000000000000000000000000
265242453594230770   40000000001100           130000        9   4     600000000000001500000000000000000000000000000000000000000000000000000000000000
265242453594230770   40000000001100           130000        9   4     600000000000001500000000000000000000000000000000000000000000000000000000000000
265242453594230770   40000000001100           130000        9   4     600000000000001500000000000000000000000000000000000000000000000000000000000000
265242453594230770   40000000001100           130000        9   4     600000000000001500000000000000000000000000000000000000000000000000000000000000
265242453594230770   40000000001100           130000        9   4     600000000000001500000000000000000000000000000000000000000000000000000000000000
265242453594230770   40000000001100           130000        9   4     600000000000001500000000000000000000000000000000000000000000000000000000000000
265242453594230770   40000000001100           130000        9   4     600000000000001500000000000000000000000000000000000000000000000000000000000000
265242453594230770   40000000001100           130000        9   4     600000000000001500000000000000000000000000000000000000000000000000000000000000
265242453594230777   40000000001100           130000        9   4     600000000000001500000000000000000000000000000000000000000000000000000000000000
265242453594230819   40000000001100           130000        9   4     600000000000001500000000000000000000000000000000000000000000000000000000000000
265242453594230821   40000000001100           130000        9   4     600000000000001500000000000000000000000000000000000000000000000000000000000000
265242453594230821   40000000001100           130000        9   4     600000000000001500000000000000000000000000000000000000000000000000000000000000
265242453594230821   40000000001100           130000        9   4     600000000000001500000000000000000000000000000000000000000000000000000000000000
265242453594230902   40000000001100           130000        9   4     600000000000001500000000000000000000000000000000000000000000000000000000000000
265242453594230902   40000000001100           130000        9   4     600000000000001500000000000000000000000000000000000000000000000000000000000000
265242453594230994   40000000001100           130000        9   4     600000000000001500000000000000000000000000000000000000000000000000000000000000
265242453594231005   40000000001100           130000        9   4     600000000000001500000000000000000000000000000000000000000000000000000000000000
265242453594231008   40000000001100           130000        9   4     600000000000001500000000000000000000000000000000000000000000000000000000000000
265242453594231094   40000000001100           130000        9   4     600000000000001500000000000000000000000000000000000000000000000000000000000000
265242453594231151   40000000001100           130000        9   4     600000000000001500000000000000000000000000000000000000000000000000000000000000
265242453594231152   40000000001100           130000        9   4     600000000000001500000000000000000000000000000000000000000000000000000000000000
265242453594231191   40000000001100           130000        9   4     600000000000001500000000000000000000000000000000000000000000000000000000000000
265242453594231205   40000000001100           130000        9   4     600000000000001500000000000000000000000000000000000000000000000000000000000000
265242453594231205   40000000001100           130000        9   4     600000000000001500000000000000000000000000000000000000000000000000000000000000
265242453594231205   40000000001100           130000        9   4     600000000000001500000000000000000000000000000000000000000000000000000000000000
265242453594231205   40000000001100           130000        9   4     600000000000001500000000000000000000000000000000000000000000000000000000000000
265242453594231223   40000000001100           130000        9   4     600000000000001500000000000000000000000000000000000000000000000000000000000000
265242453594231278   40000000001100           130000        9   4     600000000000001500000000000000000000000000000000000000000000000000000000000000
265242453594231297   40000000001100           130000        9   4     600000000000001500000000000000000000000000000000000000000000000000000000000000
265242453594231342   40000000001100           130000        9   4     600000000000001500000000000000000000000000000000000000000000000000000000000000
265242453594231342   40000000001100           130000        9   4     600000000000001500000000000000000000000000000000000000000000000000000000000000
265242453594231357   40000000001100           130000        9   4     600000000000001500000000000000000000000000000000000000000000000000000000000000
265242453594231357   40000000001100           130000        9   4     600000000000001500000000000000000000000000000000000000000000000000000000000000
265242453594231357   40000000001100           130000        9   4     600000000000001500000000000000000000000000000000000000000000000000000000000000
265242453594231357   40000000001100           130000        9   4     600000000000001500000000000000000000000000000000000000000000000000000000000000
265242453594231382   40000000001100           130000        9   4     600000000000001500000000000000000000000000000000000000000000000000000000000000
265242453594231382   40000000001100           130000        9   4     600000000000001500000000000000000000000000000000000000000000000000000000000000
265242453594231382   40000000001100           130000        9   4     600000000000001500000000000000000000000000000000000000000000000000000000000000
265242453594231382   40000000001100           130000        9   4     600000000000001500000000000000000000000000000000000000000000000000000000000000
265242453594231382   40000000001100           130000        9   4     600000000000001500000000000000000000000000000000000000000000000000000000000000
265242453594231416   40000000001100           130000        9   4     600000000000001500000000000000000000000000000000000000000000000000000000000000
265242453594231416   40000000001100           130000        9   4     600000000000001500000000000000000000000000000000000000000000000000000000000000
265242453594231429   40000000001100           130000        9   4     600000000000001500000000000000000000000000000000000000000000000000000000000000
265242453594231429   40000000001100           130000        9   4     600000000000001500000000000000000000000000000000000000000000000000000000000000
265242453594231445   40000000001100           130000        9   4     600000000000001500000000000000000000000000000000000000000000000000000000000000
265242453594231445   40000000001100           130000        9   4     600000000000001500000000000000000000000000000000000000000000000000000000000000
265242453594231529   40000000001100           130000        9   4     600000000000001500000000000000000000000000000000000000000000000000000000000000
265242453594231529   40000000001100           130000        9   4     600000000000001500000000000000000000000000000000000000000000000000000000000000
265242453594231537   40000000001100           130000        9   4     600000000000001500000000000000000000000000000000000000000000000000000000000000
265242453594231537   40000000001100           130000        9   4     600000000000001500000000000000000000000000000000000000000000000000000000000000
265242453594231573   40000000001100           130000        9   4     600000000000001500000000000000000000000000000000000000000000000000000000000000
265242453594231592   40000000001100           130000        9   4     600000000000001500000000000000000000000000000000000000000000000000000000000000
265242453594231592   40000000001100           130000        9   4     600000000000001500000000000000000000000000000000000000000000000000000000000000
265242453594231592   40000000001100           130000        9   4     600000000000001500000000000000000000000000000000000000000000000000000000000000
265242453594231592   40000000001100           130000        9   4     600000000000001500000000000000000000000000000000000000000000000000000000000000
265242453594231592   40000000001100           130000        9   4     600000000000001500000000000000000000000000000000000000000000000000000000000000
265242453594231592   40000000001100           130000        9   4     600000000000001500000000000000000000000000000000000000000000000000000000000000
265242453594231610   40000000001100           130000        9   4     600000000000001500000000000000000000000000000000000000000000000000000000000000
265242453594231645   40000000001100           130000        9   4     600000000000001500000000000000000000000000000000000000000000000000000000000000
265242453594231645   40000000001100           130000        9   4     600000000000001500000000000000000000000000000000000000000000000000000000000000
265242453594231645   40000000001100           130000        9   4     600000000000001500000000000000000000000000000000000000000000000000000000000000
265242453594231645   40000000001100           130000        9   4     600000000000001500000000000000000000000000000000000000000000000000000000000000
265242453594231645   40000000001100           130000        9   4     600000000000001500000000000000000000000000000000000000000000000000000000000000
265242453594231645   40000000001100           130000        9   4     600000000000001500000000000000000000000000000000000000000000000000000000000000
265242453594231645   40000000001100           130000        9   4     600000000000001500000000000000000000000000000000000000000000000000000000000000
265242453594231645   40000000001100           130000        9   4     600000000000001500000000000000000000000000000000000000000000000000000000000000
265242453594231645   40000000001100           130000        9   4     600000000000001500000000000000000000000000000000000000000000000000000000000000
265242453594231645   40000000001100           130000        9   4     600000000000001500000000000000000000000000000000000000000000000000000000000000
265242453594231645   40000000001100           130000        9   4     600000000000001500000000000000000000000000000000000000000000000000000000000000
265242453594231645   40000000001100           130000        9   4     600000000000001500000000000000000000000000000000000000000000000000000000000000
265242453594231645   40000000001100           130000        9   4     600000000000001500000000000000000000000000000000000000000000000000000000000000
265242453594231645   40000000001100           130000        9   4     600000000000001500000000000000000000000000000000000000000000000000000000000000
265242453594231647   40000000001100           130000        9   4     600000000000001500000000000000000000000000000000000000000000000000000000000000
265242453594231650   40000000001100           130000        9   4     600000000000001500000000000000000000000000000000000000000000000000000000000000
265242453594231651   40000000001100           130000        9   4     600000000000001500000000000000000000000000000000000000000000000000000000000000
265242453594231686   40000000001100           130000        9   4     600000000000001500000000000000000000000000000000000000000000000000000000000000
265242453594231696   40000000001100           130000        9   4     600000000000001500000000000000000000000000000000000000000000000000000000000000
265242453594231699   40000000001100           130000        9   4     600000000000001500000000000000000000000000000000000000000000000000000000000000
265242453594231700   40000000001100           130000        9   4     600000000000001500000000000000000000000000000000000000000000000000000000000000
265242453594231720   40000000001100           130000        9   4     600000000000001500000000000000000000000000000000000000000000000000000000000000
265242453594231722   40000000001100           130000        9   4     600000000000001500000000000000000000000000000000000000000000000000000000000000
265242453594231740   40000000001100           130000        9   4     600000000000001500000000000000000000000000000000000000000000000000000000000000
265242453594231740   40000000001100           130000        9   4     600000000000001500000000000000000000000000000000000000000000000000000000000000
265242453594231740   40000000001100           130000        9   4     600000000000001500000000000000000000000000000000000000000000000000000000000000
265242453594231740   40000000001100           130000        9   4     600000000000001500000000000000000000000000000000000000000000000000000000000000
265242453594231747   40000000001100           130000        9   4     600000000000001500000000000000000000000000000000000000000000000000000000000000
265242453594231749   40000000001100           130000        9   4     600000000000001500000000000000000000000000000000000000000000000000000000000000
265242453594231749   40000000001100           130000        9   4     600000000000001500000000000000000000000000000000000000000000000000000000000000
265242453594231750   40000000001100           130000        9   4     600000000000001500000000000000000000000000000000000000000000000000000000000000
265242453594231751   40000000001100           130000        9   4     600000000000001500000000000000000000000000000000000000000000000000000000000000
265242453594231759   40000000001100           130000        9   4     600000000000001500000000000000000000000000000000000000000000000000000000000000
265242453594231790   40000000001100           130000        9   4     600000000000001500000000000000000000000000000000000000000000000000000000000000
265242453594231849   40000000001100           130000        9   4     600000000000001500000000000000000000000000000000000000000000000000000000000000
265242453594231856   40000000001100           130000        9   4     600000000000001500000000000000000000000000000000000000000000000000000000000000
265242453594231872   40000000001100           130000        9   4     600000000000001500000000000000000000000000000000000000000000000000000000000000
265242453594231971   40000000001100           130000        9   4     600000000000001500000000000000000000000000000000000000000000000000000000000000
265242453594232028   40000000001100           130000        9   4     600000000000001500000000000000000000000000000000000000000000000000000000000000
265242453594232105   40000000001100           130000        9   4     600000000000001500000000000000000000000000000000000000000000000000000000000000
265242453594232113   40000000001100           130000        9   4     600000000000001500000000000000000000000000000000000000000000000000000000000000
265242453594232113   40000000001100           130000        9   4     600000000000001500000000000000000000000000000000000000000000000000000000000000
265242453594232113   40000000001100           130000        9   4     600000000000001500000000000000000000000000000000000000000000000000000000000000
265242453594232139   40000000001100           130000        9   4     600000000000001500000000000000000000000000000000000000000000000000000000000000
265242453594234889   40000000001100           130000        9   4     600000000000001500000000000000000000000000000000000000000000000000000000000000
265242453594234889   40000000001100           130000        9   4     600000000000001500000000000000000000000000000000000000000000000000000000000000
265242453594234889   40000000001100           130000        9   4     600000000000001500000000000000000000000000000000000000000000000000000000000000
265242453594234889   40000000001100           130000        9   4     600000000000001500000000000000000000000000000000000000000000000000000000000000
265242453594234889   40000000001100           130000        9   4     600000000000001500000000000000000000000000000000000000000000000000000000000000
